      0.974952, -0.009742, 5.802583
1, 1, -0.112118, -0.057510, 0.523089
0, 1, 0.098916, -0.021724, 0.000000


1, 2, -0.113936, -0.077137, 0.525804
0, 2, 0.098916, -0.021724, 0.000000


      1.417999, 0.000090, 5.826092
1, 1, -0.110134, 0.137511, 0.426674
0, 1, 0.098916, -0.021724, 0.000000

1, 2, -0.112217, 0.063357, 0.459795
0, 2, 0.098916, -0.021724, 0.000000\



1.418091, 0.001264, 5.822746
1.318231, -0.148221, 0.591888
1.325687, -0.355487, 0.580649



1.440546, 0.234060, 5.831864
1.334161, 0.064309, 0.584680
1.368652, -0.327036, 0.556810


1.443221, 0.234305, 5.829725
1.403646, 0.018690, 5.813155
1.403378, -0.372052, 5.829412

